%YAML:1.0
---
model_type: MEI
camera_name: camera
image_width: 1280
image_height: 800
mirror_parameters:
   xi: 2.3116132258463375
distortion_parameters:
   k1: 4.3692851488786655
   k2: 12.122858785573035
   p1: -0.004324928081415875
   p2: -0.0026545480038336787
projection_parameters:
   gamma1: 2956.402021264123
   gamma2: 2958.1185732756944
   u0: 640.6644796441899
   v0: 405.12097338527406
